1 0
1 1800 620 80 80
1 1310 720 60 80
3 669.5 730 70 70
4 3385.5 520 80 80
3 2043.5 530 70 70
2 2280 637 100 100
3 2319.5 667 70 70
2 2740 700 100 100
3 2671 730 70 70
2 2602 700 100 100
6 330 300 50 50
5 0 800 25000 50
5 0 750 180 50
5 300 600 180 50
5 500 500 180 50
5 300 350 230 50
5 780 200 200 50
7 780 165 50 50
7 810 165 50 50
5 780 600 230 50
5 1000 600 230 50
5 1300 150 200 50
5 1500 150 200 50
7 1450 120 50 50
7 1500 120 50 50
5 1700 700 200 50
5 2080 600 200 50
5 2260 500 200 50
5 3000 600 700 50
5 2805 560 200 50
5 3695 560 200 50
6 2453 450 50 50
5 2333 738 200 50
7 2353 698 50 50
6 2364 450 50 50
5 2244 737 200 50
7 2264 697 50 50
6 1978 40 50 50
5 1858 90 200 50
7 1878 50 50 50
7 1878 50 50 50
