0 0
1 400 720 60 80
1 180 670 80 80
3 875 530 70 70
4 3363 520 80 80
3 2236.5 -11 70 70
2 2253 -41 100 100
3 2670 730 70 70
2 2280.5 221 100 100
3 2601 730 70 70
2 2742 700 100 100
6 190 750 50 50
5 0 800 25000 50
5 0 750 180 50
5 300 600 180 50
5 500 500 180 50
5 300 350 230 50
5 780 200 200 50
7 780 165 50 50
7 810 165 50 50
5 780 600 230 50
5 1000 600 230 50
5 1300 150 200 50
5 1500 150 200 50
7 1450 120 50 50
7 1500 120 50 50
5 1700 700 200 50
5 2080 600 200 50
5 2260 500 200 50
5 3000 600 700 50
5 2805 560 200 50
5 3695 560 200 50
6 2353 9 50 50
5 2233 59 200 50
7 2253 19 50 50
6 1381 100 50 50
5 1261 727 200 50
7 1281 687 50 50
6 2374 9 50 50
5 2254 321 200 50
7 2274 281 50 50
